Oscilloscope data. 
Time step = 100,0 nS
Voltage step = 31,25 mV
Zero level = 126

N 	Smpl.	Trig

0	66	0
1	69	0
2	73	0
3	79	0
4	86	0
5	93	0
6	101	0
7	109	0
8	118	0
9	127	0
10	135	0
11	144	0
12	152	0
13	160	0
14	168	0
15	174	0
16	179	0
17	184	0
18	187	0
19	190	0
20	191	0
21	190	0
22	190	0
23	188	0
24	183	0
25	178	0
26	173	0
27	166	0
28	158	0
29	150	0
30	142	0
31	133	0
32	124	0
33	115	0
34	107	0
35	99	0
36	90	0
37	83	0
38	78	0
39	73	0
40	68	0
41	65	0
42	62	0
43	62	0
44	62	0
45	64	0
46	67	0
47	71	0
48	76	0
49	82	0
50	89	0
51	97	0
52	104	0
53	114	0
54	123	0
55	130	0
56	140	0
57	148	0
58	157	0
59	165	0
60	171	0
61	176	0
62	182	0
63	187	0
64	190	0
65	190	0
66	190	0
67	190	0
68	188	0
69	184	0
70	181	0
71	175	0
72	168	0
73	162	0
74	153	0
75	146	0
76	136	0
77	128	0
78	120	0
79	110	0
80	102	0
81	94	0
82	86	0
83	81	0
84	74	0
85	70	0
86	66	0
87	63	0
88	62	0
89	62	0
90	62	0
91	65	0
92	69	0
93	74	0
94	80	0
95	86	0
96	93	0
97	101	0
98	110	0
99	118	0
100	127	0
101	136	0
102	145	0
103	152	0
104	161	0
105	169	0
106	174	0
107	180	0
108	185	0
109	188	0
110	190	0
111	192	0
112	191	0
113	190	0
114	187	0
115	182	0
116	178	0
117	172	0
118	165	0
119	158	0
120	149	0
121	141	0
122	132	0
123	123	0
124	115	0
125	106	0
126	97	0
127	90	0
128	83	0
129	77	0
130	72	0
131	68	0
132	65	0
133	63	0
134	62	0
135	62	0
136	64	0
137	67	0
138	71	0
139	77	0
140	83	0
141	90	0
142	98	0
143	106	0
144	115	0
145	123	0
146	133	0
147	141	0
148	149	0
149	158	0
150	165	0
151	171	0
152	178	0
153	182	0
154	187	0
155	190	0
156	190	0
157	191	0
158	190	0
159	188	0
160	184	0
161	180	0
162	174	0
163	168	0
164	161	0
165	153	0
166	145	0
167	136	0
168	127	0
169	118	0
170	110	0
171	102	0
172	94	0
173	86	0
174	80	0
175	73	0
176	69	0
177	66	0
178	62	0
179	62	0
180	62	0
181	63	0
182	66	0
183	70	0
184	74	0
185	80	0
186	86	0
187	94	0
188	102	0
189	110	0
190	119	0
191	128	0
192	137	0
193	146	0
194	154	0
195	162	0
196	169	0
197	175	0
198	181	0
199	184	0
200	188	0
201	190	0
202	191	0
203	190	0
204	189	0
205	186	0
206	182	0
207	177	0
208	171	0
209	165	0
210	157	0
211	149	0
212	140	0
213	131	0
214	122	0
215	113	0
216	105	0
217	97	0
218	89	0
219	82	0
220	76	0
221	71	0
222	67	0
223	65	0
224	62	0
225	62	0
226	62	0
227	65	0
228	68	0
229	72	0
230	78	0
231	84	0
232	91	0
233	99	0
234	107	0
235	115	0
236	125	0
237	133	0
238	142	0
239	150	0
240	158	0
241	166	0
242	172	0
243	178	0
244	182	0
245	187	0
246	190	0
247	191	0
248	192	0
249	190	0
250	187	0
251	184	0
252	180	0
253	174	0
254	168	0
255	160	0
256	152	0
257	144	0
258	135	0
259	126	0
260	118	0
261	110	0
262	101	0
263	93	0
264	86	0
265	79	0
266	73	0
267	70	0
268	65	0
269	62	0
270	62	0
271	62	0
272	63	0
273	66	0
274	70	0
275	75	0
276	80	0
277	87	0
278	95	0
279	103	0
280	110	0
281	121	0
282	129	0
283	138	0
284	146	0
285	155	0
286	162	0
287	169	0
288	175	0
289	181	0
290	185	0
291	188	0
292	190	0
293	190	0
294	190	0
295	189	0
296	186	0
297	182	0
298	177	0
299	171	0
300	164	0
301	157	0
302	149	0
303	139	0
304	130	0
305	121	0
306	112	0
307	105	0
308	97	0
309	89	0
310	83	0
311	76	0
312	71	0
313	67	0
314	65	0
315	62	0
316	62	0
317	62	0
318	64	0
319	68	0
320	73	0
321	78	0
322	85	0
323	91	0
324	99	0
325	107	0
326	117	0
327	125	0
328	134	0
329	142	0
330	150	0
331	158	0
332	166	0
333	173	0
334	179	0
335	183	0
336	187	0
337	190	0
338	190	0
339	190	0
340	190	0
341	187	0
342	184	0
343	179	0
344	173	0
345	167	0
346	160	0
347	151	0
348	143	0
349	134	0
350	126	0
351	117	0
352	108	0
353	100	0
354	92	0
355	85	0
356	78	0
357	73	0
358	69	0
359	65	0
360	62	0
361	62	0
362	62	0
363	63	0
364	67	0
365	70	0
366	76	0
367	81	0
368	88	0
369	96	0
370	104	0
371	113	0
372	121	0
373	129	0
374	138	0
375	147	0
376	156	0
377	163	0
378	170	0
379	177	0
380	181	0
381	185	0
382	189	0
383	190	0
384	191	0
385	190	0
386	188	0
387	186	0
388	181	0
389	176	0
390	170	0
391	163	0
392	155	0
393	148	0
394	139	0
395	130	0
396	121	0
397	112	0
398	104	0
399	96	0
400	88	0
401	82	0
402	75	0
403	70	0
404	66	0
405	64	0
406	62	0
407	62	0
408	62	0
409	64	0
410	69	0
411	73	0
412	78	0
413	85	0
414	93	0
415	101	0
416	109	0
417	117	0
418	126	0
419	134	0
420	144	0
421	151	0
422	159	0
423	166	0
424	174	0
425	179	0
426	184	0
427	188	0
428	189	0
429	191	0
430	190	0
431	190	0
432	187	0
433	184	0
434	179	0
435	173	0
436	167	0
437	159	0
438	150	0
439	142	0
440	134	0
441	125	0
442	117	0
443	108	0
444	99	0
445	91	0
446	85	0
447	78	0
448	73	0
449	68	0
450	65	0
451	62	0
452	62	0
453	62	0
454	65	0
455	67	0
456	70	0
457	75	0
458	81	0
459	88	0
460	97	0
461	105	0
462	113	0
463	122	0
464	130	0
465	140	0
466	149	0
467	157	0
468	165	0
469	170	0
470	176	0
471	182	0
472	185	0
473	189	0
474	190	0
475	191	0
476	190	0
477	189	0
478	185	0
479	182	0
480	175	0
481	169	0
482	163	0
483	155	0
484	147	0
485	137	0
486	129	0
487	121	0
488	110	0
489	104	0
490	95	0
491	86	0
492	80	0
493	74	0
494	70	0
495	66	0
496	64	0
497	62	0
498	62	0
499	62	0
500	66	0
501	69	0
502	73	0
503	79	0
504	86	0
505	93	0
506	101	0
507	109	0
508	118	0
509	127	0
510	135	0
511	144	0
512	153	0
513	160	0
514	168	0
515	174	0
516	180	0
517	184	0
518	187	0
519	190	0
520	191	0
521	190	0
522	190	0
523	187	0
524	183	0
525	178	0
526	173	0
527	166	0
528	158	0
529	150	0
530	142	0
531	133	0
532	124	0
533	116	0
534	107	0
535	99	0
536	90	0
537	84	0
538	77	0
539	73	0
540	68	0
541	65	0
542	62	0
543	62	0
544	62	0
545	65	0
546	67	0
547	71	0
548	77	0
549	83	0
550	89	0
551	97	0
552	105	0
553	113	0
554	122	0
555	131	0
556	141	0
557	149	0
558	157	0
559	165	0
560	171	0
561	177	0
562	182	0
563	186	0
564	189	0
565	190	0
566	191	0
567	191	0
568	189	0
569	185	0
570	181	0
571	175	0
572	168	0
573	162	0
574	154	0
575	145	0
576	137	0
577	127	0
578	120	0
579	110	0
580	102	0
581	94	0
582	86	0
583	81	0
584	75	0
585	70	0
586	66	0
587	63	0
588	62	0
589	62	0
590	62	0
591	66	0
592	69	0
593	73	0
594	81	0
595	86	0
596	94	0
597	102	0
598	110	0
599	118	0
600	127	0
601	136	0
602	144	0
603	153	0
604	161	0
605	169	0
606	174	0
607	180	0
608	184	0
609	188	0
610	190	0
611	191	0
612	190	0
613	190	0
614	187	0
615	182	0
616	177	0
617	171	0
618	165	0
619	158	0
620	149	0
621	141	0
622	132	0
623	125	0
624	115	0
625	106	0
626	98	0
627	90	0
628	83	0
629	76	0
630	72	0
631	67	0
632	65	0
633	63	0
634	62	0
635	62	0
636	64	0
637	68	0
638	72	0
639	77	0
640	84	0
641	89	0
642	98	0
643	106	0
644	115	0
645	123	0
646	133	0
647	141	0
648	149	0
649	158	0
650	165	0
651	172	0
652	178	0
653	182	0
654	187	0
655	190	0
656	190	0
657	190	0
658	190	0
659	188	0
660	184	0
661	180	0
662	174	0
663	169	0
664	161	0
665	153	0
666	145	0
667	136	0
668	127	0
669	118	0
670	110	0
671	102	0
672	94	0
673	86	0
674	79	0
675	74	0
676	70	0
677	65	0
678	62	0
679	63	0
680	62	0
681	62	0
682	67	0
683	69	0
684	74	0
685	80	0
686	86	0
687	93	0
688	102	0
689	110	0
690	119	0
691	129	0
692	136	0
693	145	0
694	154	0
695	163	0
696	169	0
697	174	0
698	181	0
699	185	0
700	188	0
701	190	0
702	191	0
703	190	0
704	189	0
705	186	0
706	182	0
707	177	0
708	171	0
709	165	0
710	157	0
711	149	0
712	140	0
713	131	0
714	124	0
715	113	0
716	105	0
717	97	0
718	89	0
719	82	0
720	75	0
721	70	0
722	67	0
723	65	0
724	62	0
725	62	0
726	62	0
727	65	0
728	67	0
729	73	0
730	77	0
731	84	0
732	90	0
733	99	0
734	107	0
735	115	0
736	125	0
737	133	0
738	142	0
739	150	0
740	158	0
741	166	0
742	173	0
743	179	0
744	182	0
745	187	0
746	189	0
747	190	0
748	191	0
749	190	0
750	188	0
751	184	0
752	180	0
753	174	0
754	168	0
755	160	0
756	152	0
757	145	0
758	135	0
759	127	0
760	118	0
761	109	0
762	101	0
763	93	0
764	85	0
765	79	0
766	73	0
767	70	0
768	65	0
769	64	0
770	62	0
771	62	0
772	63	0
773	66	0
774	70	0
775	75	0
776	81	0
777	87	0
778	94	0
779	102	0
780	111	0
781	120	0
782	129	0
783	137	0
784	147	0
785	155	0
786	163	0
787	169	0
788	176	0
789	181	0
790	185	0
791	189	0
792	190	0
793	190	0
794	191	0
795	189	0
796	186	0
797	182	0
798	177	0
799	171	0
800	164	0
801	157	0
802	149	0
803	139	0
804	131	0
805	122	0
806	113	0
807	105	0
808	97	0
809	88	0
810	82	0
811	75	0
812	71	0
813	66	0
814	65	0
815	62	0
816	62	0
817	62	0
818	65	0
819	69	0
820	73	0
821	78	0
822	85	0
823	91	0
824	99	0
825	107	0
826	116	0
827	125	0
828	134	0
829	142	0
830	151	0
831	159	0
832	166	0
833	173	0
834	179	0
835	182	0
836	187	0
837	190	0
838	190	0
839	190	0
840	190	0
841	187	0
842	183	0
843	179	0
844	173	0
845	167	0
846	160	0
847	151	0
848	143	0
849	134	0
850	126	0
851	117	0
852	108	0
853	100	0
854	91	0
855	85	0
856	78	0
857	72	0
858	69	0
859	65	0
860	62	0
861	62	0
862	62	0
863	63	0
864	66	0
865	70	0
866	75	0
867	81	0
868	88	0
869	96	0
870	104	0
871	113	0
872	121	0
873	129	0
874	138	0
875	147	0
876	155	0
877	163	0
878	170	0
879	176	0
880	181	0
881	185	0
882	189	0
883	190	0
884	191	0
885	190	0
886	189	0
887	186	0
888	182	0
889	176	0
890	170	0
891	163	0
892	156	0
893	147	0
894	138	0
895	130	0
896	121	0
897	113	0
898	104	0
899	96	0
900	88	0
901	81	0
902	75	0
903	70	0
904	67	0
905	64	0
906	62	0
907	62	0
908	62	0
909	65	0
910	69	0
911	73	0
912	78	0
913	85	0
914	93	0
915	100	0
916	109	0
917	117	0
918	126	0
919	134	0
920	143	0
921	151	0
922	159	0
923	167	0
924	173	0
925	179	0
926	183	0
927	187	0
928	190	0
929	190	0
930	191	0
931	190	0
932	187	0
933	183	0
934	179	0
935	174	0
936	167	0
937	159	0
938	150	0
939	142	0
940	133	0
941	126	0
942	117	0
943	108	0
944	99	0
945	92	0
946	84	0
947	78	0
948	72	0
949	69	0
950	65	0
951	64	0
952	62	0
953	62	0
954	64	0
955	67	0
956	71	0
957	75	0
958	81	0
959	88	0
960	97	0
961	104	0
962	113	0
963	121	0
964	130	0
965	139	0
966	147	0
967	156	0
968	164	0
969	170	0
970	177	0
971	181	0
972	186	0
973	189	0
974	190	0
975	190	0
976	190	0
977	189	0
978	185	0
979	181	0
980	175	0
981	169	0
982	162	0
983	154	0
984	146	0
985	137	0
986	128	0
987	120	0
988	111	0
989	103	0
990	95	0
991	86	0
992	81	0
993	74	0
994	70	0
995	66	0
996	63	0
997	62	0
998	62	0
999	62	0
