Oscilloscope data. 
Time step = 5,000 uS
Voltage step = 31,25 mV
Zero level = 126

N 	Smpl.	Trig

0	131	0
1	167	0
2	168	0
3	141	0
4	112	0
5	101	0
6	110	0
7	126	0
8	136	0
9	139	0
10	133	0
11	121	0
12	109	0
13	105	0
14	122	0
15	150	0
16	169	0
17	156	0
18	114	0
19	74	0
20	69	0
21	110	0
22	163	0
23	189	0
24	168	0
25	121	0
26	85	0
27	83	0
28	112	0
29	141	0
30	151	0
31	142	0
32	127	0
33	116	0
34	114	0
35	120	0
36	132	0
37	145	0
38	147	0
39	130	0
40	102	0
41	84	0
42	96	0
43	138	0
44	179	0
45	182	0
46	143	0
47	89	0
48	65	0
49	84	0
50	132	0
51	169	0
52	168	0
53	141	0
54	112	0
55	102	0
56	110	0
57	126	0
58	136	0
59	139	0
60	133	0
61	121	0
62	108	0
63	105	0
64	122	0
65	150	0
66	169	0
67	155	0
68	114	0
69	73	0
70	69	0
71	109	0
72	163	0
73	189	0
74	169	0
75	121	0
76	85	0
77	83	0
78	112	0
79	141	0
80	151	0
81	142	0
82	126	0
83	117	0
84	113	0
85	119	0
86	132	0
87	145	0
88	147	0
89	130	0
90	102	0
91	84	0
92	96	0
93	138	0
94	179	0
95	183	0
96	143	0
97	89	0
98	64	0
99	85	0
100	132	0
101	169	0
102	169	0
103	141	0
104	112	0
105	101	0
106	110	0
107	126	0
108	137	0
109	139	0
110	133	0
111	121	0
112	109	0
113	105	0
114	122	0
115	150	0
116	169	0
117	156	0
118	115	0
119	73	0
120	69	0
121	109	0
122	163	0
123	189	0
124	169	0
125	121	0
126	85	0
127	83	0
128	112	0
129	141	0
130	152	0
131	142	0
132	126	0
133	116	0
134	114	0
135	119	0
136	131	0
137	145	0
138	147	0
139	130	0
140	102	0
141	84	0
142	97	0
143	138	0
144	179	0
145	183	0
146	143	0
147	90	0
148	62	0
149	85	0
150	132	0
151	168	0
152	168	0
153	142	0
154	112	0
155	101	0
156	110	0
157	126	0
158	137	0
159	139	0
160	134	0
161	121	0
162	109	0
163	106	0
164	121	0
165	150	0
166	169	0
167	156	0
168	114	0
169	74	0
170	69	0
171	109	0
172	163	0
173	189	0
174	168	0
175	121	0
176	85	0
177	84	0
178	112	0
179	141	0
180	150	0
181	142	0
182	126	0
183	116	0
184	113	0
185	118	0
186	132	0
187	145	0
188	147	0
189	130	0
190	102	0
191	84	0
192	97	0
193	138	0
194	179	0
195	182	0
196	144	0
197	89	0
198	65	0
199	85	0
200	132	0
201	168	0
202	169	0
203	141	0
204	112	0
205	102	0
206	110	0
207	126	0
208	137	0
209	139	0
210	133	0
211	121	0
212	109	0
213	105	0
214	122	0
215	150	0
216	168	0
217	156	0
218	114	0
219	73	0
220	69	0
221	110	0
222	163	0
223	189	0
224	169	0
225	121	0
226	85	0
227	84	0
228	112	0
229	141	0
230	151	0
231	142	0
232	128	0
233	116	0
234	113	0
235	120	0
236	132	0
237	145	0
238	147	0
239	130	0
240	102	0
241	83	0
242	97	0
243	138	0
244	179	0
245	182	0
246	143	0
247	90	0
248	64	0
249	85	0
250	131	0
251	168	0
252	169	0
253	141	0
254	112	0
255	101	0
256	110	0
257	126	0
258	137	0
259	139	0
260	133	0
261	121	0
262	109	0
263	106	0
264	122	0
265	150	0
266	169	0
267	156	0
268	114	0
269	73	0
270	69	0
271	109	0
272	162	0
273	189	0
274	169	0
275	121	0
276	85	0
277	84	0
278	111	0
279	141	0
280	151	0
281	142	0
282	128	0
283	116	0
284	114	0
285	119	0
286	131	0
287	145	0
288	147	0
289	131	0
290	102	0
291	84	0
292	97	0
293	138	0
294	179	0
295	184	0
296	143	0
297	89	0
298	64	0
299	85	0
300	131	0
301	169	0
302	169	0
303	141	0
304	112	0
305	101	0
306	110	0
307	126	0
308	136	0
309	139	0
310	133	0
311	121	0
312	108	0
313	105	0
314	122	0
315	150	0
316	169	0
317	156	0
318	114	0
319	73	0
320	69	0
321	109	0
322	163	0
323	189	0
324	169	0
325	121	0
326	85	0
327	83	0
328	112	0
329	141	0
330	151	0
331	142	0
332	126	0
333	117	0
334	113	0
335	120	0
336	131	0
337	144	0
338	147	0
339	131	0
340	102	0
341	84	0
342	96	0
343	138	0
344	179	0
345	184	0
346	144	0
347	90	0
348	63	0
349	85	0
350	132	0
351	169	0
352	169	0
353	141	0
354	113	0
355	102	0
356	110	0
357	126	0
358	137	0
359	139	0
360	133	0
361	121	0
362	108	0
363	106	0
364	122	0
365	150	0
366	169	0
367	156	0
368	114	0
369	73	0
370	69	0
371	109	0
372	163	0
373	189	0
374	169	0
375	120	0
376	85	0
377	84	0
378	112	0
379	141	0
380	152	0
381	142	0
382	128	0
383	116	0
384	114	0
385	120	0
386	131	0
387	144	0
388	147	0
389	130	0
390	102	0
391	84	0
392	97	0
393	138	0
394	179	0
395	184	0
396	143	0
397	89	0
398	64	0
399	85	0
400	132	0
401	169	0
402	168	0
403	141	0
404	112	0
405	102	0
406	110	0
407	126	0
408	137	0
409	139	0
410	133	0
411	121	0
412	109	0
413	106	0
414	122	0
415	150	0
416	169	0
417	156	0
418	115	0
419	74	0
420	70	0
421	110	0
422	163	0
423	189	0
424	169	0
425	120	0
426	84	0
427	84	0
428	112	0
429	141	0
430	152	0
431	142	0
432	127	0
433	116	0
434	113	0
435	119	0
436	132	0
437	145	0
438	147	0
439	130	0
440	102	0
441	83	0
442	97	0
443	139	0
444	179	0
445	183	0
446	143	0
447	90	0
448	64	0
449	85	0
450	132	0
451	168	0
452	168	0
453	141	0
454	113	0
455	101	0
456	110	0
457	126	0
458	137	0
459	139	0
460	133	0
461	121	0
462	108	0
463	105	0
464	122	0
465	150	0
466	169	0
467	156	0
468	114	0
469	74	0
470	70	0
471	110	0
472	163	0
473	189	0
474	168	0
475	121	0
476	85	0
477	84	0
478	112	0
479	141	0
480	151	0
481	142	0
482	128	0
483	116	0
484	114	0
485	120	0
486	132	0
487	144	0
488	147	0
489	130	0
490	102	0
491	84	0
492	96	0
493	138	0
494	179	0
495	184	0
496	143	0
497	89	0
498	63	0
499	84	0
500	132	0
501	169	0
502	168	0
503	141	0
504	112	0
505	101	0
506	110	0
507	126	0
508	137	0
509	138	0
510	133	0
511	121	0
512	109	0
513	106	0
514	122	0
515	150	0
516	169	0
517	156	0
518	114	0
519	73	0
520	69	0
521	109	0
522	163	0
523	189	0
524	169	0
525	121	0
526	85	0
527	84	0
528	112	0
529	141	0
530	152	0
531	142	0
532	126	0
533	116	0
534	114	0
535	119	0
536	131	0
537	145	0
538	147	0
539	130	0
540	102	0
541	84	0
542	97	0
543	138	0
544	179	0
545	183	0
546	143	0
547	89	0
548	62	0
549	84	0
550	132	0
551	168	0
552	169	0
553	141	0
554	111	0
555	102	0
556	110	0
557	126	0
558	137	0
559	139	0
560	133	0
561	121	0
562	108	0
563	105	0
564	122	0
565	150	0
566	169	0
567	156	0
568	114	0
569	74	0
570	69	0
571	109	0
572	163	0
573	189	0
574	169	0
575	121	0
576	85	0
577	84	0
578	112	0
579	141	0
580	152	0
581	142	0
582	128	0
583	116	0
584	114	0
585	119	0
586	132	0
587	144	0
588	147	0
589	130	0
590	102	0
591	84	0
592	97	0
593	138	0
594	179	0
595	182	0
596	143	0
597	90	0
598	62	0
599	85	0
600	131	0
601	168	0
602	168	0
603	141	0
604	112	0
605	101	0
606	110	0
607	126	0
608	137	0
609	139	0
610	133	0
611	121	0
612	108	0
613	106	0
614	123	0
615	150	0
616	169	0
617	156	0
618	114	0
619	73	0
620	69	0
621	109	0
622	162	0
623	190	0
624	168	0
625	121	0
626	85	0
627	84	0
628	112	0
629	141	0
630	152	0
631	142	0
632	127	0
633	116	0
634	114	0
635	120	0
636	131	0
637	144	0
638	147	0
639	130	0
640	102	0
641	84	0
642	96	0
643	138	0
644	179	0
645	183	0
646	143	0
647	90	0
648	65	0
649	85	0
650	131	0
651	169	0
652	168	0
653	141	0
654	113	0
655	101	0
656	110	0
657	126	0
658	136	0
659	139	0
660	133	0
661	121	0
662	109	0
663	106	0
664	122	0
665	150	0
666	169	0
667	156	0
668	114	0
669	73	0
670	70	0
671	109	0
672	163	0
673	189	0
674	168	0
675	121	0
676	84	0
677	84	0
678	112	0
679	141	0
680	151	0
681	142	0
682	127	0
683	117	0
684	114	0
685	121	0
686	132	0
687	145	0
688	147	0
689	131	0
690	102	0
691	84	0
692	96	0
693	138	0
694	179	0
695	183	0
696	142	0
697	90	0
698	63	0
699	84	0
700	131	0
701	169	0
702	169	0
703	141	0
704	112	0
705	101	0
706	110	0
707	126	0
708	137	0
709	139	0
710	133	0
711	121	0
712	109	0
713	105	0
714	122	0
715	150	0
716	169	0
717	156	0
718	114	0
719	73	0
720	69	0
721	109	0
722	163	0
723	189	0
724	168	0
725	121	0
726	84	0
727	83	0
728	112	0
729	141	0
730	151	0
731	142	0
732	128	0
733	116	0
734	114	0
735	121	0
736	132	0
737	144	0
738	147	0
739	131	0
740	102	0
741	84	0
742	97	0
743	138	0
744	179	0
745	183	0
746	143	0
747	89	0
748	64	0
749	84	0
750	132	0
751	169	0
752	169	0
753	141	0
754	111	0
755	102	0
756	110	0
757	126	0
758	136	0
759	139	0
760	133	0
761	121	0
762	109	0
763	106	0
764	122	0
765	150	0
766	169	0
767	156	0
768	115	0
769	73	0
770	69	0
771	109	0
772	163	0
773	189	0
774	168	0
775	121	0
776	85	0
777	84	0
778	111	0
779	141	0
780	151	0
781	142	0
782	127	0
783	116	0
784	114	0
785	119	0
786	132	0
787	145	0
788	147	0
789	131	0
790	102	0
791	84	0
792	97	0
793	138	0
794	179	0
795	184	0
796	143	0
797	90	0
798	62	0
799	84	0
800	132	0
801	168	0
802	169	0
803	141	0
804	112	0
805	102	0
806	110	0
807	126	0
808	137	0
809	139	0
810	133	0
811	121	0
812	108	0
813	106	0
814	122	0
815	150	0
816	168	0
817	156	0
818	114	0
819	74	0
820	70	0
821	110	0
822	162	0
823	189	0
824	169	0
825	121	0
826	85	0
827	83	0
828	111	0
829	141	0
830	151	0
831	142	0
832	128	0
833	117	0
834	115	0
835	120	0
836	132	0
837	145	0
838	147	0
839	131	0
840	102	0
841	84	0
842	96	0
843	138	0
844	179	0
845	183	0
846	143	0
847	89	0
848	63	0
849	85	0
850	131	0
851	169	0
852	168	0
853	141	0
854	112	0
855	101	0
856	110	0
857	126	0
858	137	0
859	139	0
860	133	0
861	121	0
862	109	0
863	106	0
864	122	0
865	150	0
866	169	0
867	156	0
868	115	0
869	73	0
870	69	0
871	109	0
872	163	0
873	189	0
874	169	0
875	120	0
876	85	0
877	85	0
878	112	0
879	141	0
880	151	0
881	142	0
882	126	0
883	117	0
884	114	0
885	119	0
886	131	0
887	144	0
888	147	0
889	130	0
890	102	0
891	84	0
892	96	0
893	138	0
894	179	0
895	183	0
896	143	0
897	90	0
898	64	0
899	85	0
900	131	0
901	169	0
902	169	0
903	141	0
904	112	0
905	101	0
906	110	0
907	126	0
908	137	0
909	139	0
910	133	0
911	121	0
912	108	0
913	106	0
914	122	0
915	150	0
916	168	0
917	156	0
918	114	0
919	73	0
920	69	0
921	109	0
922	163	0
923	189	0
924	169	0
925	120	0
926	85	0
927	84	0
928	112	0
929	141	0
930	151	0
931	142	0
932	127	0
933	116	0
934	114	0
935	119	0
936	131	0
937	144	0
938	148	0
939	130	0
940	102	0
941	84	0
942	96	0
943	138	0
944	179	0
945	183	0
946	144	0
947	90	0
948	62	0
949	85	0
950	132	0
951	168	0
952	169	0
953	141	0
954	112	0
955	101	0
956	110	0
957	126	0
958	136	0
959	139	0
960	133	0
961	121	0
962	108	0
963	106	0
964	122	0
965	150	0
966	169	0
967	156	0
968	114	0
969	74	0
970	69	0
971	110	0
972	163	0
973	189	0
974	169	0
975	120	0
976	85	0
977	84	0
978	112	0
979	141	0
980	152	0
981	142	0
982	126	0
983	116	0
984	113	0
985	119	0
986	131	0
987	144	0
988	147	0
989	130	0
990	102	0
991	84	0
992	96	0
993	139	0
994	179	0
995	182	0
996	144	0
997	89	0
998	64	0
999	85	0
